1 24169 26285
1 36362 37578
1 205142 205704
1 256009 257037
1 282502 282849
1 298793 299222
1 334222 335200
1 338951 340138
1 349030 349237
1 353234 355885
1 364370 364748
1 368973 371728
1 387719 395985
1 399627 399868
1 404756 409265
1 414187 414387
1 428106 432185
1 443421 443678
1 444081 444602
1 449518 451094
1 458350 459280
1 462723 464994
1 470254 475002
1 475766 476097
1 477872 478309
1 489129 489995
1 494343 494575
1 497299 500032
1 501931 502347
1 506223 506857
1 509005 509497
1 511333 511623
1 513052 513259
1 516378 516581
1 517310 517848
1 519612 519859
1 520744 520964
1 539279 539574
1 543751 545680
1 565606 566083
1 586429 586693
1 591261 593801
1 602532 603362
1 625829 626219
1 629362 630157
1 634748 635227
1 638646 638955
1 639786 639991
1 642133 642601
1 645600 646211
1 646862 647496
1 651395 651810
1 655037 655358
1 660079 662062
1 671006 671327
1 675310 676023
1 683015 683863
1 684141 684417
1 687981 688377
1 696794 697091
1 702143 703444
1 715221 721758
1 724927 726329
1 728028 729825
1 738570 741356
1 744163 744669
1 750457 750682
1 755849 756840
1 758871 759681
1 763291 763491
1 763641 765191
1 769692 772084
1 780180 782143
1 784872 786290
1 804310 806208
1 819200 819479
1 830622 832152
1 838659 839485
1 851710 852550
1 858110 858336
1 861401 861837
1 865153 865374
1 869921 870429
1 873442 874564
1 888549 888882
1 895079 895331
1 905836 906812
1 913159 913656
1 916410 916877
1 919351 919808
1 943713 943973
1 946003 947329
1 951826 952323
1 954427 955016
1 955954 956198
1 957079 958153
1 963633 963930
1 969729 970714
1 972232 972466
1 974087 975793
1 988657 988918
1 995886 996110
1 1008609 1009873
1 1033458 1035262
1 1049579 1051140
1 1057713 1058484
1 1059906 1060180
1 1061175 1069131
1 1070158 1070595
1 1079503 1079720
1 1093075 1093943
1 1103983 1104232
1 1110900 1111244
1 1126524 1128066
1 1134080 1136219
1 1137246 1137683
1 1138497 1138705
1 1141538 1142003
1 1146575 1146792
1 1158325 1159160
1 1173692 1174036
1 1179815 1181261
1 1188356 1188931
1 1194730 1195025
1 1212334 1213521
1 1216579 1217080
1 1324355 1326224
1 1342943 1343585
1 1353082 1354365
1 1362325 1362601
1 1378191 1378490
1 1379114 1379352
1 1389944 1390505
1 1400050 1400263
1 1401217 1401421
1 1413904 1417505
1 1454275 1454496
1 1454856 1455592
1 1461160 1461499
1 1463527 1463980
1 1465056 1465261
1 1465528 1465963
1 1478765 1479020
1 1480200 1480726
1 1485332 1487292
1 1494860 1495251
1 1509260 1509645
1 1529286 1530305
1 1544910 1545214
1 1550248 1550683
1 1556800 1558684
1 1567144 1567413
1 1567990 1568540
1 1569729 1570027
1 1604380 1604711
1 1607807 1608016
1 1619969 1620337
1 1624555 1625355
1 1629426 1630179
1 1639456 1640888
1 1648170 1648467
1 1662183 1665143
1 1715998 1718362
1 1735088 1735342
1 1736837 1737143
1 1739835 1740193
1 1740969 1743595
1 1750207 1751578
1 1753809 1754127
1 1758217 1759251
1 1765939 1766264
1 1766906 1767167
1 1771026 1771311
1 1773849 1774273
1 1784195 1784493
1 1787923 1788128
1 1811990 1812206
1 1824184 1824579
1 1830312 1831594
1 1841701 1842323
1 1848028 1848397
1 1851537 1852868
1 1854043 1854307
1 1868077 1868327
1 1873589 1873841
1 1879949 1881893
1 1884567 1885695
1 1897541 1897957
1 1908506 1908726
1 1919464 1919720
1 1920797 1921075
1 1924870 1925156
1 1943237 1943715
1 1944692 1944907
1 1945205 1945478
1 1949448 1949672
1 1949777 1950128
1 1955006 1955298
1 1959573 1959856
1 1960868 1961201
1 1962446 1962657
1 1967447 1968464
1 1970966 1972215
1 1977140 1977417
1 1982301 1982791
1 1988077 1988568
1 2027604 2029098
1 2037445 2037708
1 2047870 2048084
1 2070105 2070834
1 2083836 2084669
1 2289212 2290147
1 2299947 2300438
1 2356002 2356540
1 2361785 2361988
1 2412492 2413000
1 2431748 2431979
1 2435357 2435564
1 2461309 2461571
1 2469826 2470047
1 2471353 2471686
1 2502839 2503226
1 2513630 2513850
1 2523690 2524099
1 2564754 2566236
1 2569404 2573439
....